0 -0.000136362540260967  0.000187395548819994  0.000850248222141103 -0.820268384767871 -0.0369045118449014 -1.11524209382552e-05 0.570787030188512
0 0.00663121874380132 0.00679774559918533   0.108498527708003 -0.797040893696097 -0.0263219702209832 -0.00885815042414213 0.603286416912296
0  0.0119590814901631 0.00715895217578578  0.0162644118846921 -0.803037207940016 -0.0314103651903288 -0.0075645873969011 0.595052441924263
0  0.0205340194451338 0.00134741246793588  -0.132345740521081 -0.817555343306982 -0.0384277928785383 -0.00738725294692827 0.574518923847235
0     0.02340743914626 -0.00749836787735758   -0.228646756627323 -0.840665946768153 -0.0334569394160246 0.000235580154483309 0.540519512738725
0   0.0238363821909912 -0.00896615669613432   -0.243956427052826 -0.843458435529143 -0.0356488026763095 -0.00209900583625973 0.536006179607078
0   0.0154879238168418 -0.00646812709508379   -0.179988229736163 -0.842143569444976 -0.0498227374702716 0.00343370886318448 0.536935855495688
0  0.0138628795388822 0.00510573975662496 -0.0942631565004895 -0.835977074613371 -0.0498797802617286 -0.00735267039659063 0.546443296674001
0   0.0106683381685501   0.0178284096311292 -0.00155072269846819 -0.821555776150272 -0.0419584454619099 -0.0110415232841789 0.568474872173001
0 0.00860591367696364  0.0217483003930148  0.0768659536730288 -0.804422405405631 -0.0350340088534411 -0.0161492584848197 0.592803857406027
0 0.00478191526665144  0.0194542763073867   0.126274304312681 -0.796726009812215 -0.0259123230476459 -0.0132270517553152 0.603640010192202
0 0.0123311507441863 0.0252088429584427  0.040995445394196 -0.805988619700878 -0.0224197158525441 -0.0265886679478453 0.590908405753822
0  0.0233142754131632  0.0142200568138547 -0.0878125606720208 -0.822620765567717 -0.0416172774346621 -0.0204477843979608 0.566696538183289
0  0.0257386239996528 -0.0187049654637023  -0.128033801434554 -0.850216047758611 -0.043887369667812 0.0102213122960066 0.524501759474947
0  0.0224635030211554 -0.0343418596687751  -0.120339419479268 -0.882904257783092 -0.0220109867369675 -0.00656673421732167 0.46899090188731
0  0.0223634289773084 -0.0607459759159101  -0.112266779415091 -0.909174489092801 -0.0144661608652356 -0.00682859261992357 0.416107977447557
0  0.0463001017974293 -0.0600700675863617  -0.101865467521514 -0.906582960175461 -0.0222575359371858 0.00105419345853138 0.421438995691731
0  0.0722153533588752 -0.0359043375252585  -0.102746192924255 -0.908770128939729 -0.0314888193412017 0.00190946026730867 0.416102945152823
0   0.115953411385668 -0.0205455816809045  -0.101866933304406 -0.91055811588025 -0.0235932938180112 0.0030297947185752 0.4126961284473
0    0.159993049878235 -0.00810432171274819  -0.0986062932027584 -0.908226324246937 -0.0145101861315216 0.00122469733245038 0.418225894176545
0   0.205806515547807 0.00411507823448189 -0.0954444033213274 -0.905151477471982 -0.00265226970546833 -0.00281582585182771 0.425071569762635
0   0.248385108451757  0.0118625266652241 -0.0984098445797013 -0.909351584740201 0.00650781273990758 -0.0128382667679592 0.415779415808698
0  0.28739353138341 0.018312349414727 -0.10530040436121 -0.913605056401395 0.0114640333910467 -0.016027698207451 0.406124968139591
0   0.266861778071701 0.00886573990899871  -0.104657694749008 -0.911005931992685 0.0106959952057178 -0.0106439372822134 0.412117087925059
0    0.230648050453683 -0.00172697258335769   -0.104969722271858 -0.912660556085493 0.00491120263557236 -0.00629128148469103 0.4086404400346
0   0.183265924742044 -0.0133229249760144  -0.103611962580178 -0.91162586937713 -0.0017241993222288 -0.000561079174731863 0.411017014987517
0   0.129835314602771 -0.0264945903687155 -0.0988403892798505 -0.908319887521787 -0.0102842884993558 0.00438229161004275 0.41812678802334
0  0.0912820558057186 -0.0352070653394331 -0.0956918289027773 -0.90778212517972 -0.0143037770983163 0.00678872745915513 0.419143088150572
0  0.0516771503261912 -0.0443867543372537 -0.0950264737815493 -0.909131106250762 -0.020168449046362 0.0091590961002678 0.415920636983736
0  0.0125484676016814 -0.0526850231431494 -0.0959925734460897 -0.909916927518638 -0.0257281325964462 0.00961266896690666 0.413880230022495
0 -0.0267837502029046 -0.0609200875188168 -0.0976219107394984 -0.908926350225081 -0.0282700866538168 0.011755142923708 0.415831105957626
0 -0.0652291380186835 -0.0693235767913645 -0.0994732718892795 -0.907757905859841 -0.0316362360976136 0.0129378305843614 0.418099683633344
0  -0.102366308848328 -0.0780236433556137  -0.102221799707036 -0.907508183998066 -0.0353608926440081 0.0164412282279212 0.418220264050307
0  -0.150383837457794 -0.0892017049481238  -0.109148827031676 -0.910608734029336 -0.0448361737575129 0.0244735937504312 0.410100590393644
0  -0.185894752339917 -0.0972366413456008  -0.113824645716417 -0.909673176664673 -0.0519589463399918 0.0348606357003077 0.410584602281444
0 -0.167063174399811 -0.102492222196403 -0.106493057529944 -0.906038829931564 -0.0526015461122105 0.0276171541473198 0.41900359043766
0  -0.122909395455861 -0.0989287535731656  -0.100837180193359 -0.904629240262508 -0.0474260457552464 0.0192425194455547 0.423115153701076
0 -0.0707615392885908 -0.0916433135765066 -0.0987161986349501 -0.906858929155619 -0.0404737351406372 0.015257232613952 0.419208750179971
0 -0.0326830008941184 -0.0847578304856647 -0.0992192828945747 -0.909446009213792 -0.0362589364831821 0.0146039173129492 0.413980641394416
0 0.00657915464751513 -0.0770534819384272 -0.0999595683006989 -0.910037066901804 -0.0345774648417876 0.0131832855966703 0.412871816391907
0   0.043940574113526 -0.0687194599455601  -0.100158611616088 -0.909441759123553 -0.0342294562992229 0.0154414678373827 0.414132336523899
0  0.0946701848250252 -0.0559342773340238  -0.101447882213098 -0.910414972228735 -0.030297736140253 0.015754539304462 0.412284392158899
0   0.132842567587135 -0.0452153008882654  -0.107695267389148 -0.911934258587949 -0.0246092832680588 0.0119054759657038 0.40942465831055
0    0.16356880906812 -0.0292618346106471  -0.120417232031713 -0.907606134866117 -0.0112884213485735 -0.000424908861121772 0.419670698225769
0   0.176663263104541 -0.0124144858289147  -0.126871817312176 -0.8891725748095 0.00210967343563089 -0.0194063114275805 0.457155418387898
0 0.190730678443439 0.010683427183914 -0.12587869468766 -0.885154470294515 0.0261626612732349 -0.0308075882507991 0.463538532787629
0  0.209608783970587 0.0474464810952886 -0.128093700982606 -0.892427249447956 0.0442204350603058 -0.0371675169367294 0.447478193044746
0  0.210700666563697 0.0950611001893728 -0.128149951265708 -0.897811966574691 0.0400113195087352 -0.026101036689542 0.437780199266923
0  0.190640998700015  0.133284068890432 -0.127024605635703 -0.893274415459266 0.0183514287405934 -0.012206441815647 0.448971097652496
0  0.153247017847395  0.164415707016927 -0.129095136678812 -0.890218978451707 -0.0106069002141506 0.00287790671152629 0.455400243439994
0  0.116794728315476  0.175016549692294 -0.130712496658537 -0.890767428938842 -0.0322891262432259 0.0219877962407397 0.452777358847161
0 0.0735683615869104  0.173474033619387 -0.133187209715632 -0.892215202086093 -0.0549198074872924 0.0413104587069055 0.446351088173263
0 0.0251549982350779  0.158999036896687 -0.135573380915139 -0.892741989601351 -0.0778576313115326 0.0599478634267775 0.439722847848214
0 -0.0233279052877461   0.132804548073911  -0.136703065923386 -0.891498708975132 -0.0992626474822133 0.0767644918612711 0.435297819314289
0 -0.0682658028089042  0.0976514412401911  -0.135558646791932 -0.889747827279087 -0.111549913223896 0.0963858054063079 0.431989811486408
0  -0.10224563761386 0.0574778473980976 -0.134891948399992 -0.890085296724957 -0.119899289052237 0.105885794921899 0.426802675100064
0  -0.124331952842451 -0.0056178712356188  -0.138283998684158 -0.892404186580879 -0.120601379726381 0.103479857602842 0.42232924839692
0  -0.114506463837324 -0.0625607892001903   -0.14527255483721 -0.899396302321334 -0.101471491761582 0.0958166970808864 0.414257152371448
0 -0.0764861563063975  -0.106893344497863  -0.151949306503301 -0.90745568765586 -0.0634825056661687 0.0740145537532295 0.408675901232366
0 -0.0383603126447517  -0.126874352005158  -0.153064711995069 -0.907278920463699 -0.028727717780005 0.0530664910731572 0.416177397558494
0 0.00589724039471163  -0.138033185230549  -0.152273952555948 -0.903511388106064 0.00556223125696698 0.0281676624284586 0.42760123472625
0 0.0524578071809617 -0.139128251909613 -0.150360781344627 -0.900163660525003 0.0377215050588545 0.00408434061256882 0.433896059544315
0 0.0993438848506022 -0.128030064030442  -0.14961842344046 -0.899001310729175 0.0637827315936584 -0.0153810700865905 0.43300326689376
0  0.145426151172336 -0.104416213087229 -0.150156312008287 -0.898266369189495 0.0787795617476676 -0.0318188063842572 0.431159917193434
0   0.188737995792514 -0.0696207799760709  -0.150413997319912 -0.896031324132005 0.0852061559632601 -0.0455765762773589 0.433348073556403
0   0.225876852644547 -0.0270259736834412  -0.150788749960767 -0.891444538854613 0.083287698733032 -0.0539600434625894 0.442129061582201
0  0.249001475770726 0.0174458302722474  -0.15040921256891 -0.88666754199608 0.083294924405422 -0.053165190693684 0.451725677859284
0  0.247494105282806 0.0750011832905652 -0.151299288810591 -0.883770286513371 0.0758914173266162 -0.0445841400844921 0.459568088432125
0  0.195483146539637  0.114266240106209 -0.156847466348325 -0.883094189264724 0.0429808149013361 -0.0251950725846171 0.46654314993873
0  0.138087215945769  0.123910381467526 -0.160535191308831 -0.88271382073598 0.00967064895780493 -0.00468986362807633 0.469788031360499
0 0.0725062051585198  0.119400282589386 -0.164367564521262 -0.88369882149941 -0.0259150382698093 0.0194551616868257 0.466932864934316
0 0.00957546528709896   0.105162329243172  -0.167920154538118 -0.884906795846474 -0.056056396332565 0.0440143502360419 0.460282934800142
0 -0.0414740641509314   0.082625069579144  -0.170760237185302 -0.885135083265552 -0.0812205974228075 0.0656380052788335 0.453465270103215
0 -0.0813111265694419  0.0414365623160437  -0.173324601673655 -0.884958879297085 -0.101583662324414 0.0811593766383085 0.447148406108853
0 -0.0556245852667383 -0.0102896058546479  -0.176270438423916 -0.888892108675909 -0.103807272407012 0.079179903187808 0.439118904466981
0 -0.0162348447774843 -0.0307044776654547   -0.17947371740998 -0.891268788863889 -0.0931831883040351 0.06522425292147 0.438979084063726
0  0.0326282628347499 -0.0466728831579186  -0.184060818695424 -0.893178802944285 -0.0736218164804962 0.0423817282303642 0.441605302528552
0  0.0815390472121536 -0.0620246626848697  -0.188324123984103 -0.895464268983475 -0.0484755075992431 0.0212614198559444 0.441974908974023
0  0.121551701981835 -0.081861234020638 -0.190965873690028 -0.898381171322827 -0.0237051175241131 0.00121331074390914 0.438574812652109
0  0.144950847088398 -0.119725922640736 -0.190352218830369 -0.899987306354332 0.00341272734136019 -0.0136571785944669 0.435688745741736
0   0.12065653392221 -0.166375371942097 -0.179746723390021 -0.897780044968639 0.0133951232620706 -0.0132640507383341 0.440040482781883
0 0.0779595405393696  -0.21998686036252 -0.166578842182465 -0.893916142925246 0.00769188614202205 -0.0153127030714394 0.447906558815425
0 0.0325064468803978  -0.26376206685806 -0.156834484494861 -0.894031324163434 0.000334195921242662 -0.0165457592321283 0.447698690615794
0 0.0306106987077143   -0.2081066628156 -0.162852582372438 -0.890841930417921 -0.0100832086682559 -0.0255201536118844 0.453483964073539
0  0.039692203464927 -0.160552773538482 -0.166143406886772 -0.89601109734331 -0.0124914106722752 -0.0244774687029887 0.443180472971169
0 0.0490007552760985 -0.106981812307669 -0.166275191215787 -0.899691743368949 -0.022229448844872 -0.0177978650788521 0.435595976239943
0  0.0561063744497911 -0.0504013637288829  -0.162565334074611 -0.899168890414371 -0.0361012467192496 -0.0103100428601419 0.435988198822544
0  0.0584359249261478 0.00580067998308631  -0.158711666692434 -0.896658810417641 -0.0515198360519952 -0.00188863233161606 0.43971026513093
0 0.0550338157105874 0.0538087036633101 -0.156587984953014 -0.893824257195023 -0.069827320775465 0.00739513200468452 0.442885599840092
0 0.0439391890419286 0.0854999025959567 -0.156085082080466 -0.88949472018155 -0.0864959420481368 0.0243844765050328 0.448021196020822
0 0.0165288279517129 0.0944067121444374 -0.158450218053648 -0.881065779823582 -0.10824963295936 0.049896733285588 0.457728549028193
0 -0.00709412649605565   0.0636810072571447   -0.161551063568511 -0.874757386351423 -0.125737329943025 0.0587193658184685 0.4642646604689
0 -0.0165180328482197   0.011419533519057  -0.166533751916198 -0.876383315190377 -0.135864243621071 0.057624375965109 0.458445878436955
0 -0.0128921877406394 -0.0437966373798512  -0.177180537506177 -0.887232417333727 -0.134748736367721 0.0529672648060346 0.438013566614577
0 0.000920315233303395  -0.0758307911429843   -0.193209780841361 -0.896972481897089 -0.133625496583126 0.0399479160404198 0.419510139789632
0 0.0222654508248134 -0.048532901046752 -0.223382742585298 -0.890996057667662 -0.134345273859113 0.037815348086336 0.432027050150235
0   0.0291520209893558 -0.00477266473553029   -0.241404196536778 -0.876610430528312 -0.142616002935742 0.054981089285311 0.456280515271692
0 0.0345396910642118 0.0363184855093033 -0.268150217364617 -0.859712383772131 -0.143783426685171 0.0697294151862953 0.485137869123086
0 0.0387302818479128 0.0676469060345739 -0.295769040954986 -0.846731858250452 -0.143363981895766 0.0745329943993389 0.506889299220841
0 0.0400332508747542  0.087712675916513 -0.311639319354951 -0.826130595765705 -0.142119827592236 0.0883688860981156 0.538053095256158
0  0.039373650034416   0.10492098730601 -0.321863992267723 -0.805054601453877 -0.133857095547651 0.0944115540378244 0.570136672310815
0 0.0393837073825565  0.120297543360427 -0.338414698163583 -0.804330970893786 -0.124774044054733 0.0825376576227328 0.575039704946919
0 0.0443088424736341  0.123593516436478 -0.349097925654546 -0.79329701838751 -0.116185217785459 0.0846310846081818 0.591623541877498
0 0.0463611286977792  0.123179424175717 -0.349876037919756 -0.79162007523982 -0.110862413692915 0.0909300981779989 0.593951933200678
0   0.05019608489461  0.121887824795171 -0.349746227604021 -0.799458900976831 -0.108087951076317 0.0836702202865576 0.584963037052975
0 0.0669333053555455  0.114402061147878 -0.349126063801642 -0.806640332510647 -0.107020846563099 0.0741842283521798 0.57651939484446
0 0.0849512403207832  0.106286918462256 -0.350894477544994 -0.805836579276415 -0.115915396277516 0.0619123061694046 0.577371539609201
0  0.107137724129857   0.09243574947371 -0.343838730984443 -0.813366760166922 -0.131086996657609 0.0419589585853661 0.565234604883038
0  0.123243799429012 0.0774944006334621 -0.318834905908209 -0.822338624072429 -0.138236183603512 0.0335464183069545 0.550930651461848
0  0.127230581739924 0.0708006743120631 -0.294562660677656 -0.823717572536272 -0.133750805595079 0.0408734492688069 0.549481067774395
0  0.128441590877831 0.0678131043683419 -0.271665895071543 -0.820000381252028 -0.130205823801832 0.0475233542287403 0.555326344591596
0  0.119326544760187  0.083831104872278 -0.258743259807594 -0.816837498617823 -0.133929943565523 0.051928820906951 0.558697296062481
0  0.110708385649173 0.0955211590784095 -0.229903229476335 -0.810589124805693 -0.132676523415707 0.0556460029460573 0.567666921034853
0  0.101017531596295  0.107312912083079 -0.191363213824664 -0.806829144022442 -0.131299853958168 0.0587804454144579 0.573002565389943
0 0.0909690687022386   0.11823618711338 -0.150695015772648 -0.805080998688431 -0.12852565263534 0.0638601046824496 0.575541162033998
0 0.0817720463902785  0.127902972156728 -0.112170521994892 -0.805139807574874 -0.122816807614872 0.0726971166660401 0.575657060457031
0  0.0729597442853385   0.145481481329445 -0.0623434143887659 -0.805102840260127 -0.118567678751429 0.079706896440489 0.575671723137761
0   0.103325015760014   0.162695698476726 -0.0621336575653615 -0.799038250315253 -0.135815549741995 0.0670768517142234 0.581887194347433
0   0.147466328587749    0.14097649290016 -0.0647768896310732 -0.804569384529584 -0.138033834466106 0.0671241792863415 0.573680320889086
0   0.197875174590313   0.121805319951511 -0.0340153006140391 -0.823867100951003 -0.107949094825514 0.0436958254078045 0.55468970401376
0   0.225060430341104   0.141236016886061 -0.0270891784471536 -0.820427367700148 -0.0898554064580318 0.0291558681550306 0.563892609998565
0  0.237010217182573  0.166033719668841 0.0120052024685419 -0.809732491245634 -0.0773255857230113 0.0384335754499198 0.580410980850524
0  0.299361047248234  0.209100537767702 0.0556836177193514 -0.814231881863199 -0.0752092837228573 0.0342265746046046 0.574629052337457
0  0.386131773683571  0.256774746575284 0.0827817083400961 -0.824433575986845 -0.0569606801819295 0.00815911424347129 0.563025921742079
0  0.439312435582569  0.304420763153273 0.0949133158265262 -0.818197209161222 -0.0305098127430578 0.00419118266299209 0.574112281905776
0  0.506291074681375  0.356030165540166 0.0704818649637659 -0.824985882312813 0.0048550887343654 -0.0185829894666707 0.564826871351225
0   0.58900178832595  0.422086874187272 0.0243535935568127 -0.829537535190779 0.0464175106086015 -0.0550013949443553 0.553793949924232
0  0.656630339122293  0.489713542875405 0.0113699282039246 -0.820133705318605 0.0650099227415898 -0.0700020085002969 0.564140172431845
0 0.740932799313205  0.58209193671994 0.029483391012497 -0.810724368066875 0.0719901304804469 -0.0783122367184859 0.575682737031538
0  0.851393680212372  0.708519685254937 0.0818143025133659 -0.816418748570081 0.0598049295354484 -0.0826806419352937 0.568372860748725
0  0.975994056657325  0.882271080816302 0.0871015415641745 -0.813548286337968 0.0590022743340795 -0.0707576010555077 0.574152662027123
0   1.09677730006782    1.0523995741839 0.0393435211633311 -0.813649959602693 0.0516920935669322 -0.0726684208791829 0.574474517544625
0   1.20303219298292   1.23534566344418 0.0303191767083184 -0.812042741767279 0.0448179575930406 -0.0793315150284269 0.576441191227313
0    1.25907858749993    1.40896248863488 -0.0126503928622579 -0.824973460058793 0.0509960485822126 -0.0529752582412753 0.560367571547368
0    1.29057728650154    1.52368791438887 -0.0401637194097297 -0.822614722349082 -0.00776643974425471 -0.0249382668539316 0.567998929430826
0    1.30896176744664    1.58844751135974 -0.0363677498237818 -0.819872014244058 -0.0336201737068598 -0.0172748138031264 0.571297772608453
0    1.35256864207913     1.7939701041779 -0.0740277917110861 -0.826755701181945 -0.04298093119583 0.0025727039087148 0.560910894270461
0    1.39842488177531    2.04175477843121 -0.0947289132899609 -0.82575555154795 -0.0234100090393736 0.00716084890183055 0.563496639570745
0    1.47810808308972    2.32992367105834 -0.0727533594252519 -0.817694612516308 -0.0369751354363002 -0.00535790073608474 0.574438554521695
0       1.55058174255    2.57909454766945 -0.0817351802429509 -0.815551432844978 -0.0595504279865551 0.0026115830217199 0.575606451097659
0   1.59592553696727   2.78158853882697 -0.065208894991839 -0.820489266867615 -0.0756614577584459 0.0104693264176477 0.566536053547584
0    1.63517471981004     3.0252203595978 -0.0655467117690485 -0.824177048261711 -0.0688231408738522 0.0261817138234108 0.561524786861756
0     1.67269308924876     3.22566958566458 -0.00853430855790016 -0.818900401119425 -0.056860310907 0.0371902193449795 0.569899926017785
0   1.73476002340294   3.43327364428392 0.0615565661334276 -0.823126754509158 -0.0676334568578701 0.0192215820896072 0.563487881242043
0  1.77813501889381  3.57826137403207 0.124935752405369 -0.806915041166313 -0.0716586312114222 0.0141523426437675 0.58613383122813
0 1.83982550945455 3.76993791332289 0.18210582049013 -0.798804337726146 -0.0834985124550125 -0.0024406754525864 0.595763100192542
0  1.87461993969636  3.96916384459833 0.162119854594908 -0.810409861077289 -0.0777615922662438 0.0134494450944072 0.580523991117991
0  1.86872830793028  4.15473075803235 0.155643740274926 -0.820796412597308 -0.0800027221770769 0.0196443464814983 0.565249425619312
0  1.84773595000613  4.33709782632902 0.232664421761937 -0.81128452673343 -0.0822946550807519 0.0226441730994989 0.578387627679478
0  1.83644066721324  4.44899109468536 0.202283078004543 -0.820914073213223 -0.0768827959215155 0.0321252949678291 0.564939895488888
0  1.84378726825891  4.65529153392722 0.168378755476311 -0.824195755595687 -0.0814461752592083 0.0280980813684129 0.559712760991845
0 1.86261999513553 4.85980691256705 0.20130742678253 -0.821977193382498 -0.0650275662339991 0.0528376136897468 0.56332326045379
0  1.92960568507671  5.08190174362572 0.136301014196642 -0.818863757023108 -0.0871396008036403 0.0222746921369042 0.566897411791576
0   1.99120397974383   5.30610386537798 0.0774921007530729 -0.80927157081916 -0.0856803644210847 0.0277149962444637 0.580491411478007
0   2.05479308774361   5.54823632102895 0.0920411736006788 -0.806548474952197 -0.110108191392166 0.0402014606660793 0.579430398150585
0   2.11526777444663   5.74358949115883 0.0732375746598724 -0.807510358676366 -0.121440121953726 0.046061212224667 0.575376122322281
0   2.17024460406691   5.93770438184089 0.0517078914962434 -0.808000120974757 -0.114954686241269 0.0516660369054578 0.575544824706498
0   2.22903213092324    6.1042640825165 0.0302836284269397 -0.806888931908552 -0.111948849665151 0.0438146711525408 0.578340713778583
0   2.28030805636729   6.19887246949909 0.0717163067040198 -0.80657877624625 -0.076296915303589 0.0205253251561704 0.585822643341389
0   2.33248885352739   6.25701781071378 0.0242065307854133 -0.823586627355718 -0.0630066156543878 0.0129329812758417 0.563531695310861
0   2.40397376323145   6.37211783956932 0.0355435221445992 -0.825773024374977 -0.0646763369687602 0.0167177015512945 0.560032500936998
0  2.45855371061812  6.50606271728854 0.093014178095939 -0.835712935897632 -0.0713937912402021 0.0128895174244693 0.544353447390824
0    2.5009113265994   6.70213312314693 0.0811224654255174 -0.814858814489784 -0.0532703292828443 0.0370086983291401 0.576018871838748
0    2.60341918754919    6.89949161118347 -0.0257504065124028 -0.808660286325316 -0.0668440195517909 0.0150628560893935 0.5842717935489
0   2.69529401927559   7.02339378620607 -0.111339643894709 -0.835196659382331 -0.0657345855422749 0.0100025085793395 0.545917076342461
0   2.8102421397436  7.29277868936833 -0.15095417161149 -0.831299410719224 -0.0641543654576497 0.00803043021951508 0.55205164551977
0   2.88342355998082   7.56131307691136 -0.165594890545004 -0.827478199932619 -0.0606302954551001 0.0111263147494336 0.558103933895289
0   2.93654949695245   7.77227058309337 -0.125155303426833 -0.818914866202303 -0.022032105537887 0.00320664805376094 0.573482995080666
0   2.99454911537034   7.94155557637618 -0.105073627920351 -0.809511218536859 0.0280470910864112 -0.0220744593273177 0.58601848604798
0    3.06461308148878    8.09446735281316 -0.0910996415319758 -0.799614693168319 0.0548532129005254 -0.0574283436261438 0.595238988014211
0    3.17055129101407    8.28501818016898 -0.0273081764737206 -0.801084883057275 0.0714046048097943 -0.0776596854057691 0.589180249000038
0   3.30588524658519   8.48843775782552 0.0397806649808334 -0.809131244615754 0.0719410832784296 -0.0777035752589868 0.578008013711971
0   3.44778424402445   8.65980423381257 0.0586859382209965 -0.798738458494182 0.0736369239263183 -0.0669210801202202 0.593393669828512
0   3.61429120683375   8.77053684846225 0.0693924958032444 -0.798159408939352 0.107213564596742 -0.0990616527685539 0.584494310014055
0   3.72945608782366   8.81861288139003 0.0320418293496818 -0.786989991846191 0.162191635804091 -0.137584908906043 0.579146802503856
0    3.84650145716523    8.84837630548994 -0.0209541085232434 -0.773249594405378 0.216065854653308 -0.175241236347372 0.569816742723745
0     4.0152959731971    8.86212330894581 -0.0313678892504452 -0.784153369077197 0.246482520930807 -0.194591950213948 0.535241845853263
0    4.2023032110504    8.8903612446638 0.0903544118890505 -0.772727209041617 0.232950427806411 -0.198677198238556 0.556016303260651
0  4.36382412840141  8.89010089657945 0.265628617230659 -0.758580896018705 0.244425074172285 -0.20657846398924 0.567570916738321
0  4.50056593001101  8.83261309995508 0.304990866463088 -0.740978864559631 0.293340526637521 -0.242020185374321 0.553468958099117
0    4.562556204501  8.77751374442488 0.280140694704791 -0.727471021575625 0.344471779879087 -0.271486597119233 0.527655316678673
0  4.64994271519434  8.67556961799939 0.260613773464724 -0.707347512415909 0.366879953230473 -0.296816542054016 0.526268502724349
0  4.68781456978414  8.55812900265519 0.322470733176987 -0.717674981825594 0.361677855648035 -0.28763132021118 0.520960625027502
0   4.7023227332531  8.41957087701751 0.317326031070872 -0.694602742090839 0.38135257841302 -0.288137105935048 0.537656256172105
0  4.70911667890721  8.33251775802798 0.288929776621817 -0.676573126012843 0.418224197068818 -0.320009047793968 0.514715004126896
0  4.70661668148102  8.23338436990969 0.246707601665731 -0.654403280231423 0.473268639861129 -0.351368594999705 0.473617199639418
0  4.70426414072144   8.1104886038255 0.198767974411641 -0.632647769835658 0.520096910935404 -0.367928251245593 0.440323522529491
0  4.75567550888368  7.90820463441347 0.220167731478718 -0.625325177718903 0.526521684307442 -0.381854826954091 0.431196276881814
0  4.85756849230867  7.73365104588528 0.220732593739998 -0.623639878148008 0.501682822900857 -0.391356694832779 0.454122874340556
0  4.91764394038663   7.5818175190299 0.260710917861756 -0.623213737143788 0.492363264381521 -0.39129928558456 0.464831069124967
0  4.92020321346223  7.41204761613935 0.246819882554496 -0.601129944590929 0.526591004379041 -0.405546480941713 0.443707962086519
0  4.88749114922139  7.27348912258285 0.286967129638127 -0.570564870527007 0.571004452364952 -0.423544334363362 0.411120226610899
0  4.83300540923864  7.12158583063596 0.253518242809418 -0.542266997132551 0.574143613423531 -0.44618181011931 0.420983856346622
0  4.72398227114924   6.9979068499647 0.225447942773922 -0.518916724442936 0.617055271179049 -0.445330211917105 0.389421658048741
0  4.63828624177732  6.88893195134084 0.151857851650409 -0.48285200423922 0.650651655837015 -0.458049168705993 0.365646446456776
0 4.53085699102958 6.71765839728747 0.14446643490544 -0.471647864019856 0.664222622452486 -0.467199724125802 0.343629186718218
0  4.45036675952892  6.53241160415582 0.189428084266771 -0.468081932754602 0.643248573361132 -0.488841216577707 0.358001176076855
0  4.32549424621725  6.33515652859102 0.151262016977046 -0.466887123236733 0.642220917248649 -0.481385501835371 0.371263661333477
0   4.1833750739846  6.17668637156856 0.121391358148163 -0.472504293003156 0.656703948440774 -0.462362657483029 0.36290548378485
0    4.0631471854435   6.01446879958173 0.0678580297077209 -0.462806389062693 0.668257332001717 -0.454583903358486 0.364137143499618
0   3.96646096008639   5.84901531564928 0.0519385784075679 -0.468819729463363 0.665539856116428 -0.464815611091737 0.348154001659953
0  3.91335152438812  5.74291427689151 0.044837707603147 -0.472738498973505 0.663095811789579 -0.470981986911408 0.339113880548083
0   3.83933728841641   5.56885696673077 0.0178451673180211 -0.479615992694964 0.658701535745792 -0.479260911532453 0.326174439578644
0   3.81575548317012   5.50288442553197 0.0041962508986142 -0.480547483913678 0.656811702879167 -0.482300143384515 0.324128175813948
0    3.77010900358847    5.35499261413089 -0.0379064947044636 -0.475323404608344 0.648930736846642 -0.494141876989889 0.329818685359268
0   3.72238855815037   5.21214994410238 -0.110802099674346 -0.465559351890683 0.646480655836053 -0.496796988443691 0.344252819553005
0   3.66060717406011   5.09665814432324 -0.164826217599024 -0.473087620148786 0.654459708242151 -0.486003511103034 0.334172382379333
0   3.58499104156087   4.97954990720449 -0.242910160797171 -0.469719966037851 0.655397824960505 -0.490279611434878 0.330821322096541
0    3.5499161830883   4.93749882196058 -0.306471619343177 -0.474089784196301 0.664115558371136 -0.480695363794829 0.321125160764857
0   3.52653640656659    4.8807207975201 -0.405295679647273 -0.483017567354256 0.676131009431731 -0.464564990087734 0.306137645017383
0   3.58243590697709   4.83735270404023 -0.511091267962976 -0.476876863767265 0.64454155145035 -0.506946388858096 0.316480653565442
0   3.62681109363405   4.85074798889172 -0.606827015355057 -0.468246222849578 0.647451768162989 -0.502614182432073 0.330046460832201
0  3.68122399487621  4.94583244995758 -0.73299242189125 -0.463608198950281 0.652155039383454 -0.494563881908201 0.339363830106765
0   3.66882375168241   5.07053551381469 -0.710535781652047 -0.458264670774832 0.65127878611507 -0.492526000833091 0.351066336722104
0   3.59975539491294   5.20315996432557 -0.719988291226868 -0.466085710130392 0.665785987407604 -0.477591236589305 0.333765996645896
0   3.55411570380142   5.30896891193264 -0.798403907894525 -0.454082298490045 0.685664813216454 -0.451526786434683 0.346116441745855
0   3.57910981315844   5.30771031540837 -0.898876872574816 -0.486558529591402 0.676574449399838 -0.465983037971649 0.297266917136557
0   3.75914694417053   5.34849376298016 -0.962107692935573 -0.493288459375111 0.643464045430975 -0.503324840970658 0.298805325499387
0     3.899559508889   5.43535008677254 -0.962892154378787 -0.481390982291796 0.639730124534217 -0.501511426313519 0.327863354476456
0  4.03646092423605  5.54894647740194 -1.01757371038365 -0.478383264001347 0.637224529348409 -0.494609508644218 0.347067408263642
0  4.15502664635289  5.67686902349683 -1.05759233788885 -0.486419698474402 0.634942332068821 -0.487851640210982 0.349635365812059
0    4.240096464131  5.78541931290734 -1.06245905090652 -0.493192737497445 0.639476985482715 -0.475928201051969 0.348313732375215
0  4.32145531441247  5.89767155581535 -1.04237916073522 -0.491719451928777 0.644812222201976 -0.464960605816092 0.355303832983751
0  4.40462880029029  6.00330328120648 -1.01651628517563 -0.490393873125396 0.640798975574647 -0.470472325040754 0.357136267374658
0   4.48429251134032   6.10447756240389 -0.991455187957436 -0.499016760980786 0.636935098170926 -0.478952561740261 0.340441473062082
0   4.56561055222021    6.2158264690136 -0.958407131379036 -0.489718227100778 0.635666439626325 -0.484460236940975 0.348428636023443
0   4.64287909613437   6.33335537190014 -0.927837320934913 -0.475225254760544 0.645259930087759 -0.473352171458387 0.365702476935208
0   4.70981704671169   6.44212294321437 -0.920268507590203 -0.477251174357212 0.640668758919784 -0.480585447633323 0.361680087151511
0   4.77597664681004   6.57304157131499 -0.927067665977817 -0.474543722908905 0.64385770841078 -0.472959627908726 0.369546609693844
0     4.820863348593   6.68908314742994 -0.909346902279399 -0.492108900436616 0.644744154298407 -0.467761628140487 0.351187791428542
0  4.88186872567274  6.81824661525759 -0.88575601249798 -0.489482596934752 0.662037099789282 -0.438466672750118 0.360361821906883
0  4.96189815395875   6.9123442319095 -0.89752861254683 -0.492443341534743 0.631152519602405 -0.480705251779345 0.357866613823346
0   5.04311795803276   7.03324006073934 -0.924262394795251 -0.496970270367774 0.647340701170091 -0.45602464430541 0.354981817513687
0   5.15281592056853   7.15300242526175 -0.920028651807122 -0.493526936555981 0.647442495420452 -0.460039813566586 0.354418887689452
0   5.2855880183516  7.25520407120194 -0.98264037915255 -0.492267196405358 0.647355959060856 -0.471372008852494 0.341191586769035
0  5.42176705432098   7.3585220546732 -1.05118072174751 -0.4941973413067 0.638201893940679 -0.490184054412842 0.328917806169424
0  5.54291230527228  7.48913771827882 -1.05903533074633 -0.480872515891482 0.638093106308241 -0.491635950211775 0.346255546672485
0  5.64509282352189  7.64805206343956 -1.07538369949942 -0.476315763357456 0.637855720879223 -0.493414203725071 0.350436579827513
0  5.70981500259162  7.79425856456731 -1.10838144995688 -0.469270509681985 0.625377439847326 -0.507544325670727 0.362059392851866
0  5.73212560801042  7.95736075161529 -1.11337932657974 -0.451993468640386 0.64561432000453 -0.473332744020372 0.393497353929687
0  5.67146756912623  8.13787681230694 -1.07541651146167 -0.440891929158674 0.650093588483958 -0.441703733122 0.433463314665593
0  5.51464827795751  8.13442048715916 -1.04664235728934 -0.477682292964182 0.626590540846168 -0.406090453646874 0.462919501174302
0 5.38617794819529 8.04488732455899 -1.0122738202917 -0.50382762553178 0.60054863709133 -0.379109780739703 0.491706042657856
0   5.27407828895298   7.93147584050489 -0.984321222473453 -0.525419447167669 0.571417925192421 -0.356973048475656 0.519601964939323
0   5.14886852487807   7.77058943142852 -0.944676363868169 -0.562538679324325 0.536898209018075 -0.345518099715715 0.525269254940805
0   5.01682619189881   7.56954616542382 -0.900061162389253 -0.60755103620604 0.508008319464781 -0.346291396435855 0.502883241432882
0   4.88483937671675   7.35131874827004 -0.858816835812695 -0.653207795024699 0.479256788305812 -0.347551731528437 0.472059637432977
0   4.75998117530671    7.1360811056264 -0.825829987503795 -0.680871310837163 0.468544464695473 -0.331943407096983 0.454636027132654
0   4.6191940061153  6.86459744578185 -0.79381857398368 -0.698915524038501 0.465747947535522 -0.319428929527579 0.438817842168366
0   4.50769070261865   6.56586462037309 -0.733197548329789 -0.715283923339343 0.463435461098496 -0.325323089103331 0.409586828529637
0   4.47159774072308   6.30864952290975 -0.624545019302424 -0.713364379964473 0.44464196484085 -0.359751502647651 0.404948936093341
0      4.47896717391    6.2043318740346 -0.590710503617469 -0.684220849454188 0.436281418360742 -0.373086881094153 0.449784984543466
0   4.47793543913635   6.06332679662864 -0.666466919866906 -0.69679348383791 0.42538770501822 -0.33810350956499 0.468198844637827
0  4.50437726425353  6.03596499351447 -0.66158362974606 -0.733965007067288 0.403134857355349 -0.305143692022545 0.453503012564028
0   4.61222585868043   6.14789715001448 -0.664125411699091 -0.71679719641736 0.381638769680681 -0.321934585200296 0.4867358128767
0    4.6933153026537   6.34694682847253 -0.693640994136432 -0.706694063079889 0.3947946660378 -0.298513898897663 0.505578999801866
0   4.76444943483803   6.54428341962988 -0.825152783746857 -0.728377605923105 0.375937997865726 -0.261274651697103 0.509776658283795
0   4.91861040052652   6.72702292883621 -0.888862808378919 -0.753226432492068 0.35893200756959 -0.275013476758231 0.477687495062082
0   5.04038794050268   6.87490758549758 -0.875901509692287 -0.744056977936159 0.329971496208806 -0.289518043172141 0.503663903761235
0   5.14276067790283   7.05323057828582 -0.888974134183631 -0.742228095231046 0.303632868198495 -0.272733356291947 0.531527094666847
0    5.2017782351188   7.19928595332349 -0.920513851415613 -0.74901945548223 0.295601195476309 -0.218313739607674 0.551297469285496
0  5.29362025448367  7.39154350823627 -1.00136439145359 -0.784269406597962 0.222380567358963 -0.20751269698591 0.540746578098484
0  5.34691824912088  7.56190005218608 -1.05206206838556 -0.801296250049066 0.16713354696512 -0.181305758455983 0.54508615748968
0  5.38206556408736  7.79482414091535 -1.05035096022163 -0.802749281203296 0.152837225426208 -0.132574371553298 0.560944212964942
0  5.44640928877995   8.1339099441419 -1.10403168480194 -0.798933188091136 0.129780229954011 -0.143434566331695 0.569464114813968
0  5.45495302516452  8.34022138596764 -1.13465766419456 -0.787139592142054 0.0987533411530425 -0.118476230919536 0.597178719313283
0  5.43176012370112  8.46960702719901 -1.12342695619772 -0.802911237030404 0.0706103240462244 -0.0631876814708152 0.588519366290301
0  5.42182979702796  8.57031594589757 -1.10211602325242 -0.815988705058552 0.0228299619161825 -0.0224756191398031 0.577179411102004
0 5.44247019450675 8.70089871415481 -1.0945470717193 -0.816326416746686 -0.0370981314336825 -0.00314186429022377 0.576389658698374
0  5.45702353665336  8.78478699543954 -1.06090570935811 -0.813111532295533 -0.0885294936642796 0.0203893234354742 0.574975164932713
0  5.45812473200551  8.87276699905529 -1.05349059811759 -0.802603721769839 -0.168661039786658 0.0311824365609366 0.571321603923227
0 5.41551995657903 8.92789006484514 -1.0715031498764 -0.79029048497861 -0.197241896103789 0.0915407365380777 0.572849786006525
0  5.36508269179735  8.96046960441864 -1.07314128782518 -0.778115685261914 -0.238261323985026 0.143089768537667 0.563287528693935
0  5.31995597607446  8.98818135667523 -1.01617156762066 -0.766589097835057 -0.275568971014279 0.164711578658622 0.556123181633665
0   5.28365686656507   8.97507708347375 -0.891668481201099 -0.751743862840851 -0.294710190265447 0.13796893977621 0.573577928525713
0   5.18529293541748   8.82553811414011 -0.826108789603192 -0.761770181430086 -0.292009617497603 0.120633709531822 0.565582957750205
0   5.09038971845072   8.69074854409556 -0.822086647953694 -0.783592832132878 -0.26333003581454 0.155246291091047 0.540867964267031
0   4.95445188190919    8.5265344979564 -0.857671759331535 -0.781836709803166 -0.271719468779501 0.144104682752812 0.54234097199
0    4.8025830133405    8.3794923666272 -0.854904367641216 -0.770944309295626 -0.272595017627036 0.150833261575476 0.555505315485019
0   4.65029699572524   8.21390333246326 -0.859093650323988 -0.767989095369831 -0.276341182513685 0.155521459238907 0.556454289188401
0  4.50163349672837  8.02668823879978 -0.82438845095075 -0.779727867318298 -0.275767319565269 0.159169695671894 0.539112090725818
0   4.35688767515108   7.85116359502686 -0.830504670852799 -0.770856732432356 -0.272245330579782 0.155981549525196 0.55437544520743
0   4.19577394355949   7.63627660372232 -0.810641445519792 -0.766559557582015 -0.27257288736854 0.147839704849578 0.562346767947707
0   4.05680671529938   7.41722571144072 -0.823056821495325 -0.770353237091052 -0.2709505592303 0.158460286138181 0.555006326336133
0   3.92794915056275    7.1889920789936 -0.871351039463105 -0.776863464223368 -0.274409758080439 0.160255093738323 0.543599804595278
0   3.78460181552229   6.94410382050905 -0.855468409476789 -0.77257828089326 -0.277985754007675 0.166839419881424 0.545904138502749
0   3.64304215352724   6.67975657723417 -0.815011266698581 -0.766701066618738 -0.275755445402587 0.180025652431378 0.551107224814888
0   3.55884410055913   6.41358839677814 -0.859502746661712 -0.765305013203315 -0.285019111708238 0.164353170620524 0.553227239056342
0   3.48550019243389   6.12868452955566 -0.843118198330339 -0.773128691147184 -0.280268156135735 0.154536651076734 0.54757667139434
0   3.39350158258061    5.8356743745513 -0.890723938660837 -0.772680448914508 -0.277655173432026 0.1559423732086 0.549139786183605
0   3.29312774663899   5.54523354497485 -0.896985108616017 -0.780803921652727 -0.272652642690568 0.161796458881824 0.538356460218389
0   3.18026333682511   5.27702986863395 -0.913296134336739 -0.777185734283431 -0.272943640434087 0.165770890990091 0.542221463309286
0   3.08016145699049   5.05137776411127 -0.887879507478275 -0.771564556929167 -0.274601469285505 0.167748771769147 0.548764537052899
0  3.02466905433056  4.88041261323209 -0.95102511442743 -0.770526308679895 -0.273517349658765 0.173455901720063 0.548990452764217
0  2.99614373700243  4.73377874398104 -1.04981511726461 -0.768615016078326 -0.282120125014603 0.162352661730077 0.550709365591161
0  2.96649416352203  4.58020735656084 -1.11599246602721 -0.769846819539011 -0.284035225467166 0.160197466537523 0.548631603951544
0  2.93255078719516  4.44337760685751 -1.19475852755917 -0.768459755857705 -0.293623490163335 0.155068187926306 0.546999731942045
0  2.88526728803203  4.32119419780014 -1.22787187799647 -0.770668768591867 -0.300543348859518 0.173165590969382 0.534562459098678
0  2.81492227622419  4.18842299889582 -1.21747038981891 -0.770510727752741 -0.310027761602482 0.184540466303293 0.525491029181526
0  2.74788774007162   4.0983760043054 -1.16835503747786 -0.77447631641818 -0.311189408378549 0.189597591094947 0.517107668548176
0  2.66115177135452  4.02764074047752 -1.11913059816289 -0.784143860660179 -0.294147263910407 0.207543574654879 0.505491303132355
0   2.5470836210241  4.03457936395209 -1.07539587984051 -0.77993952397774 -0.304987522551197 0.184244252425362 0.514520170132989
0  2.44922373467275   4.1039449948751 -1.03708941048521 -0.781044999576045 -0.279563135920136 0.218524837410157 0.513867742815814
0  2.41136562301331   4.2148841163681 -1.07302094517069 -0.760454226589175 -0.257804575049929 0.250235965604836 0.540951136299573
0  2.44772516712966  4.30907990166098 -1.07544791322895 -0.74218326607564 -0.271534114887507 0.235686815315312 0.565583724214267
0  2.50818839782026  4.37214608206594 -1.06231753702657 -0.741467399445026 -0.289861325221347 0.215111897063333 0.565626537074569
0  2.58333238270882  4.42430294725686 -1.03132037396845 -0.753349283405893 -0.298875353668973 0.208773352596944 0.547313500113515
0   2.66632684678586    4.4740891265977 -0.987021854370771 -0.756247057286357 -0.311227210478473 0.195945763593636 0.54114071139882
0   2.77723358019458   4.53443886625825 -0.937738229430347 -0.756899708835342 -0.314280021751241 0.19363843793817 0.539291251594052
0   2.88779470136968   4.58821604187613 -0.901160941800234 -0.753552374513756 -0.308870265054771 0.200592029465138 0.544537249363836
0   3.02952340504846   4.64441988380924 -0.834607140392529 -0.755782041659484 -0.31179112989491 0.193216665894147 0.542445496658076
0   3.16648060201831   4.68731004863831 -0.731046698803621 -0.7570478029441 -0.313815737532893 0.185471711944786 0.542216332290413
0  3.29475924121225  4.71965245354934 -0.61911067356364 -0.759376377576735 -0.327848345646867 0.159627126855041 0.538871190366542
0  3.44357046216353  4.73967411937445 -0.47920801877973 -0.768634117771211 -0.320298647025168 0.173779385922241 0.525748128613319
0   3.50843020649266   4.77736645089278 -0.423623747989581 -0.783644111878555 -0.320114571546339 0.178865843858907 0.501433521917328
0   3.50081881024225   4.87761973122961 -0.410242347724248 -0.756388009313635 -0.312861117567513 0.194642672495811 0.540471396583252
0  3.49464991010034  4.98543625572209 -0.37523820182386 -0.762903896690644 -0.316313673083873 0.189451732150379 0.531066234870606
0   3.49422446463678    5.0903866067977 -0.414163227049985 -0.766193533645834 -0.30399900341176 0.196957345026333 0.530791747452939
0   3.51595947406206   5.20546819131098 -0.385066481935032 -0.760363220761468 -0.309284338074836 0.177346762716967 0.542898790281088
0   3.52919786526474   5.28274195005807 -0.415885100974334 -0.77045554497277 -0.307397578961231 0.171688864271822 0.531439474968258
0   3.51472971130661   5.33439858627968 -0.466055199844456 -0.759473567292463 -0.29584330852852 0.182943568721739 0.549734743350203
0    3.493144674186  5.26102136450555 -0.45976549542889 -0.763427494981927 -0.307070055310596 0.162941540124073 0.544367978061865
0   3.43208090577506   5.16680025496202 -0.388856731806245 -0.7786600893649 -0.27161882691625 0.141189122622294 0.547701843842097
0   3.34912807126623   5.06542912500524 -0.374921621979794 -0.791488428263541 -0.226560994025425 0.117170199980427 0.555416355671732
0   3.25322858168296   4.96190356218007 -0.409849630298225 -0.802134776554592 -0.184150785491043 0.0851029982200772 0.561627784336478
0   3.17836858629155     4.892790334636 -0.455674009838844 -0.81252431515785 -0.130326584763443 0.0510662019032808 0.565872301499497
0   3.09989899970998    4.8316208031629 -0.510121167546599 -0.819466154858412 -0.0665935628241633 0.0145417976226725 0.569059798750409
0   3.02263657099916   4.77940643336574 -0.531472311561953 -0.820677175862658 0.00351376761333516 -0.0152436506700021 0.571177956130576
0   2.96272507821769   4.73619286500877 -0.524063417740393 -0.819939018349098 0.0718678669801502 -0.0467009783274327 0.56599826369672
0   2.93134745487457   4.69804686030528 -0.533674219450936 -0.809878485237552 0.132330148200205 -0.0915866420987366 0.564089937878454
0   2.93728504350121   4.64766265090029 -0.597389500651952 -0.800020745507155 0.153733321513364 -0.112872314385795 0.568852101393534
0   3.01026974922722   4.58548495420472 -0.734130854963237 -0.787366932056985 0.184576184618044 -0.14488280221913 0.570082380008494
0   3.10396344414188   4.50440755480157 -0.824562069186499 -0.796726119795753 0.200132443049154 -0.158260661591262 0.547839445702001
0   3.22458668244155   4.45908263637826 -0.787648979369949 -0.792218963502874 0.182488104219646 -0.156540845083674 0.560876251507621
0   3.34981171567125   4.43695174183998 -0.800439454602905 -0.778393952597341 0.231010365155899 -0.18176937222587 0.554704390708276
0   3.45349876298004   4.41660868425131 -0.878272365249103 -0.768659727476185 0.275045923563052 -0.216178098140767 0.535517500341329
0  3.59964913056653  4.42815268509496 -1.06207973747723 -0.773178520324169 0.282126022230375 -0.226623942162212 0.520808479317161
0  3.76341322421415  4.50331677171423 -1.14905924763191 -0.755745764588102 0.286148770566114 -0.214207570908768 0.548709701915331
0  3.93793818352958  4.54935002539245 -1.14426325442229 -0.759681532276312 0.277708994800538 -0.21721087310902 0.54642576836054
0  4.11366400388337   4.5895643558023 -1.19906189355272 -0.772899442963608 0.271927056539869 -0.214423722683303 0.531699721777942
0  4.31104233737263  4.68611080106404 -1.22072773843441 -0.790640988127952 0.270231915468793 -0.210140147494527 0.50764422400447
0  4.45755250150726  4.81204838499767 -1.26531676066334 -0.77759162137383 0.259032058436191 -0.220573739556597 0.52877300279945
0  4.59946286903212  4.97294656528718 -1.28140974197023 -0.779256220985437 0.260280897302035 -0.219017312602273 0.526350656250774
0  4.71570770388242  5.12620765470923 -1.31338968130087 -0.775714374182471 0.262775381074532 -0.216899279687225 0.531197713906032
0  4.80869940098479   5.2594629515086 -1.32701884738035 -0.764519484651741 0.269622389227769 -0.204588886408546 0.548595581802348
0 4.93172058755849 5.41131394374392 -1.3306371292191 -0.762030558970169 0.264756637263993 -0.20542568777679 0.554088113048553
0  5.07936234197054  5.57452198294184 -1.37424246372399 -0.773485771222648 0.250671992080254 -0.221443370107554 0.538373613708947
0  5.18868625901178  5.71878561594181 -1.38226332755776 -0.778813112382643 0.253872789264767 -0.219891650057584 0.529760705495171
0 5.31406664288356 5.91532985154785 -1.3598411306831 -0.773545555340648 0.258726665899784 -0.224530282681636 0.53317345988338
0     5.41211008604  6.09351798474427 -1.33011235427813 -0.772836485823805 0.263964712069573 -0.23000729722862 0.529285405223991
0  5.48309799205494  6.24642503941183 -1.27774273126024 -0.772983326614546 0.267829071721534 -0.22892996882234 0.527594005359892
0  5.56911890383232  6.44884750287779 -1.22410373897963 -0.772194473407357 0.279268505611191 -0.212336222230501 0.529752891206557
0 5.69072959370058 6.69661953126709 -1.2408325331439 -0.769202285009433 0.269015253266675 -0.215359902471251 0.538125218377384
0   5.8166107731939  6.94096503031406 -1.29795543451307 -0.760011716604386 0.275904999264718 -0.197155250682453 0.554426216130812
0 6.01303292883341 7.21303934496421 -1.3451489863603 -0.758711905586921 0.25903477957387 -0.225735270788437 0.553444500211042
0 6.18277430172311   7.470291395874 -1.3761689540742 -0.755489644573956 0.263181925998168 -0.24409394239066 0.548077383275024
0  6.25125005461031  7.71656832015149 -1.38826418334714 -0.764132398008343 0.265053975589896 -0.242628561414385 0.535704628992504
0  6.25530619256479  7.99410035764792 -1.40639508993128 -0.76482869638914 0.257635230853412 -0.238465423336656 0.540180890883477
0  6.21458270202126   8.2206499727254 -1.45728469003084 -0.763997260759501 0.259836705814269 -0.198579467459143 0.55620074340764
0  6.17812692838065  8.41768207805409 -1.54842447956738 -0.777387008544952 0.210122705350902 -0.173806057039039 0.566841549445778
0  6.12366494547603  8.62719641301357 -1.59264853960427 -0.789745873170262 0.152817045023986 -0.166108475223639 0.570400193740811
0  6.00082201135289  8.79604787922572 -1.57620248155742 -0.771974270264529 0.153533952086316 -0.171788770005093 0.592428620262764
0  5.80194768143166  8.86238778073092 -1.51649004147242 -0.780476354408267 0.176020634357272 -0.144418827443962 0.582251319251193
0   5.6415001401056  8.86229551087457 -1.42270351111134 -0.786252910251695 0.124092219930238 -0.143324350334154 0.588103403046453
0  5.39867362778852  8.79172705095583 -1.33057032870386 -0.789638596733393 0.10705160801045 -0.122863535394272 0.591536466704898
0  5.13854724478552  8.63975985766841 -1.22495322554321 -0.795271747803525 0.112105647874244 -0.112500466425655 0.585080179047481
0 4.89895686341709 8.44015939516278 -1.0937335376442 -0.798790952431998 0.12913608245184 -0.101281989653969 0.578790847451397
0  4.72259990867202  8.21747917028863 -1.05385823752441 -0.797290452398857 0.133464866910382 -0.112598824601573 0.577785919275094
0  4.60016985762422  8.01613176140344 -1.06979669270515 -0.817488975584061 0.102558402848378 -0.0903623857418033 0.559489220670749
0  4.54209584053191  7.91191563074943 -1.04530299739358 -0.824119718500285 0.0435733531004486 -0.065179214792109 0.560963209522405
0  4.46147473579715  7.79832089890886 -0.96131538665912 -0.82304117542663 0.0062198223344284 -0.0363847914067651 0.566780984434698
0  4.40832269338308  7.71659184525066 -0.95529774873672 -0.802455264780167 0.0098736044901927 -0.0345204022223994 0.595631095386538
0   4.38239552172726   7.55731619096286 -0.912572379049335 -0.811021440842431 0.0230337057131523 -0.0419426926906549 0.58305615632188
0   4.36894677932031   7.35813647971498 -0.938979616829963 -0.811634816917737 -0.000814469675580256 -0.0297745884706615 0.583405291789047
0   4.35711552584541    7.2262705266623 -0.946002539529275 -0.812426996347202 -0.0566371417417938 0.00590715664845104 0.580275551166784
0   4.32653493384378   7.00366673002255 -0.928054071598444 -0.808784165014892 -0.0970030970182872 0.0117245999361609 0.579931985103738
0   4.23976477735252   6.81383035674322 -0.954200765355973 -0.805916479829892 -0.129241377926605 0.0255538487535149 0.577184801068176
0   4.15081938179094   6.68611999025192 -0.951981906988297 -0.804045761638824 -0.154483803703198 0.0657530046742904 0.570369801059224
0   4.05657593374488   6.55944790108246 -0.985217997130323 -0.800927561237445 -0.178592275373621 0.0995219044814513 0.562774583075227
0  3.94249301005498  6.40139324427516 -1.06652583198806 -0.796383481721032 -0.203530614616635 0.118240508746559 0.557106651411574
0   3.8188859854642  6.22441372656788 -1.10352888052157 -0.782345137746062 -0.208061385263432 0.118053491528638 0.57507383747242
0 3.72387114155967 6.01794344386785 -1.1583738347278 -0.793795533460873 -0.197454038443467 0.114828370138609 0.563662132106855
0  3.66048234388279  5.82031282747913 -1.17228667019036 -0.798480470804167 -0.191180528842865 0.111141708854368 0.559934338729684
0  3.62212036899746  5.65479282324957 -1.21757124569015 -0.79823203650133 -0.193126300844461 0.115706142502324 0.558694850891169
0  3.61412782219803  5.53295016663693 -1.22374803514431 -0.802878366695085 -0.149368560159643 0.0878335919028173 0.570403910980909
0 3.63982829283506 5.42268121023708  -1.223148148756 -0.807413695618954 -0.106126841702274 0.0515714925199433 0.578066258102398
0  3.68227622434025  5.29987306939491 -1.25405838855339 -0.807300444311591 -0.102108753414039 0.0307331381849897 0.580426799267436
0  3.70415496117723  5.16135471245544 -1.24682270083798 -0.808899711797109 -0.0970677650313455 0.0351791188515785 0.578810448111642
0  3.71474626465426  5.01929004925568 -1.26852810460383 -0.810514937880935 -0.0912491639200507 0.0253706270200184 0.578009910676596
0  3.70583060384785  4.85885084400298 -1.24184396906609 -0.808773589551481 -0.0843480287257106 0.0163831383746673 0.581809490874028
0  3.68208859530719  4.67635304224467 -1.21560286480802 -0.815064005289732 -0.0442611322920997 0.0019525240586009 0.577674481952494
0  3.66959719690572  4.53909403348382 -1.24533131880865 -0.820412720128148 0.00104432358146334 -0.0336368329045165 0.570780554602506
0  3.63795998031796  4.40512683107664 -1.21543527868387 -0.812985132018326 0.0386659236568407 -0.0616479188533814 0.577719357098199
0  3.58978711365983  4.28538147242134 -1.04977699967933 -0.81583114963454 0.0399669010366443 -0.0500845620934839 0.574729256909213
0   3.54109859521603    4.1064684772203 -0.990940267517025 -0.811470603342538 0.0307893294165495 -0.0493170113623495 0.581494032209499
0   3.55301093646883   4.01639542902055 -0.866044310282009 -0.808071151494963 0.0193082714144891 -0.0440412057288348 0.58711887806009
0   3.55486901316178   3.86591787775481 -0.708968235577003 -0.809273050766144 0.0113161841153093 -0.0482054577844379 0.585342042843772
0   3.49570725339446   3.74536919410184 -0.572097973456209 -0.809187303395955 0.00918681699219858 -0.0533239570356065 0.585053900100153
0  3.38975221053157  3.59519673453242 -0.52866711553198 -0.810072057310163 0.020033703935127 -0.02994202847747 0.585222511189184
0   3.29687835341281   3.41680545289925 -0.494671181374593 -0.806379962842048 -0.0405584098313661 -0.0155160255098547 0.589801342717348
0   3.19044703540337   3.20398057434948 -0.492481589358909 -0.809034231302194 -0.0460397361488169 -0.00654220555705901 0.585919068492454
0   3.07634152081084   2.97590186782336 -0.464802991562334 -0.816804176721578 -0.0431325250716635 -0.00436366831745394 0.575283826097991
0   2.96106666634477   2.77608274962347 -0.489439982933209 -0.827402007530205 -0.0442789390206892 -0.00236775888590449 0.559856845284621
0   2.85003249782862   2.67451005675459 -0.416623792380568 -0.819751811521071 -0.0254701007808901 0.0212849809410524 0.571756233949812
0   2.81616172846457    2.5844077556454 -0.475294438376226 -0.813633135018869 -0.0369753588041098 0.00304374746993274 0.580193657361069
0   2.84435598514855   2.51852952927854 -0.571004809369156 -0.807274028136587 -0.0491909705632948 -0.00959270372471304 0.58804495741943
0   2.82172942030902   2.38798600814663 -0.551568163097595 -0.800245092592572 -0.0522688181817887 -0.00792628615215414 0.59733820940504
0   2.73898241901237   2.16745926664628 -0.494722674506295 -0.81177112010257 -0.0523411958740192 -0.00273130965940548 0.581618936873139
0   2.63280351422222   1.93903465388478 -0.427473154388935 -0.815788774594691 -0.0557156768334173 -0.00479501460053636 0.575640031995055
0   2.50988755235119   1.72030310392024 -0.389980058869904 -0.814265960062177 -0.0519561409940776 0.00298671996618898 0.578154464828274
0   2.38745955411113    1.5130420785652 -0.357876568802159 -0.81989900827222 -0.056586440970684 0.00597665178865798 0.569673477148005
0   2.27332166662688   1.35639266593731 -0.350363152116568 -0.821318482389451 -0.0481069425427137 0.00899569677676632 0.568366739002364
0   2.17983579428876   1.26139713715525 -0.256535235917163 -0.818778123827918 -0.0407393409271375 -0.000435274290851592 0.572662641157906
0   2.09500510747668   1.18916185365139 -0.167913119205455 -0.810796638554969 -0.0833736193032917 0.0216733540654061 0.578954157283449
0   1.99456773144717   1.10637751601415 -0.155941788812973 -0.806919858729163 -0.103283467763209 0.0203804452458267 0.581203496485436
0   1.85779382395792  0.993440116271331 -0.196578146937244 -0.812945082514254 -0.104090602180994 0.0419143017176158 0.571426837543544
0   1.73655416400813  0.904802013545588 -0.133764131335898 -0.818866179286048 -0.0956131730964018 0.0568143097597774 0.563106060843273
0    1.67604861133984   0.871248207413944 -0.0135310883231128 -0.817159735061784 -0.0932714292634848 0.0444355750889307 0.567076615232385
0     1.6689978286746   0.894253383066312 -0.0199354123853317 -0.817025878362767 -0.00739366005829885 0.00389397086799075 0.576540445127114
0    1.70142748025931   0.914674085046467 -0.0677856784530697 -0.813251727609384 0.0521088538033792 -0.0392856233706882 0.578241242641882
0   1.75607080286078  0.928772504200136 -0.126190476145877 -0.806682169274875 0.0978531852701072 -0.100500323789193 0.574097828618732
0   1.84602240521336  0.945799017965968 -0.165661077597068 -0.79735734144005 0.153227626288021 -0.128338871414854 0.569448591777831
0   1.94741771730295  0.952301811674431 -0.306613530927808 -0.796277178383062 0.139825828859122 -0.126672209419306 0.574756943525696
0   2.02167238234701  0.938706166058155 -0.425651368067665 -0.797294748126566 0.123578948053283 -0.138612941413037 0.574313312296229
0   2.06139444654752  0.907094961614348 -0.603918323339379 -0.800715275391139 0.160444767961024 -0.1337880408429 0.561438584634725
0   2.10566159974426  0.883897551480655 -0.711690691938921 -0.800683216908568 0.150584784804808 -0.145481736049871 0.56130711132334
0   2.14327268558376  0.908249960731974 -0.804492878035436 -0.803317274327295 0.144751445134637 -0.128711908566464 0.563171040175166
0   2.20453238648504  0.970737357530975 -0.917503625738008 -0.808980081045824 0.15436003725059 -0.125664680835128 0.553111738586061
0  2.29246182981511  1.07397971084942 -1.01057461881778 -0.807697395159727 0.162886124685108 -0.135236191063181 0.550276476749627
0  2.40530066019261  1.22937341655144 -1.15376595572782 -0.788119352916483 0.176373622748573 -0.157188501144755 0.568376640850865
0  2.49798487858758  1.36611288224452 -1.38841278406652 -0.777510878261246 0.204144488376546 -0.148256100036038 0.576039921232035
0   2.5912014626287  1.43309592396749 -1.64096612281564 -0.781427039317528 0.192845059236779 -0.160837099643372 0.57123899790693
0 2.70157314936118 1.48807054399133 -1.8154390169887 -0.787031519536814 0.174659041927057 -0.15451156386098 0.571140773331699
0   2.7853220602388  1.54157010669312 -1.83127940900445 -0.779846801038751 0.186574495033248 -0.178701596394909 0.570170732464081
0  2.76617968536714  1.57935653701098 -1.73251645604011 -0.765195927287485 0.1940662046783 -0.195253534271339 0.581970410260657
0  2.68480621997355  1.58934898989046 -1.72680471859229 -0.79780520192899 0.212528224529352 -0.15334309998626 0.542977446345655
0  2.63935894937916  1.64588918906762 -1.69549098867133 -0.787234135261274 0.194166133868509 -0.16934773662755 0.56025286508604
0  2.59886735720494  1.73104755948025 -1.60453637291166 -0.786139281824952 0.200563248923452 -0.176570952375396 0.557298942696166
0  2.54079246159863  1.83527550835784 -1.46871164381931 -0.77729633432631 0.230169804470712 -0.15309549472371 0.565149572456795
0   2.5267402237092  1.93238215561734 -1.37722786769826 -0.779687885265554 0.213845034670647 -0.178010837214644 0.560953870252251
0 2.53034859419261 2.01744956048274 -1.2843973452001 -0.76996588447443 0.23953418887546 -0.160437821399643 0.569241262181354
0  2.58620098694074  2.04357392819855 -1.17386561629836 -0.774103014228483 0.216818563333331 -0.199360016709876 0.560365789189424
0  2.59248600237362  2.04709079151976 -1.11551759960732 -0.766244312991992 0.209411339177453 -0.187495916863936 0.577807775121353
0   2.53274463022118   1.99004818369957 -0.992722868928906 -0.779097510890055 0.198064947028401 -0.176178759937658 0.568100686349159
0   2.44299541198413    1.9222766609255 -0.749288960946622 -0.787149435573319 0.193475463496683 -0.176114088698795 0.558522012872494
0   2.34673909310269   1.89042168008966 -0.555074831125724 -0.784251612722764 0.207818179390271 -0.149764318728855 0.565094382463973
0   2.32748591558105   1.87268422209224 -0.406109343417252 -0.79841723133039 0.184591550709477 -0.153727922341172 0.552108331773802
0   2.33444712368162   1.88467349310024 -0.291069659369622 -0.793688076990918 0.143082692043982 -0.130863739229874 0.576594538158905
0  2.33342789857002  1.88441575429177 -0.20166942453075 -0.807291885954336 0.08629398903327 -0.09528517547805 0.575980810151809
0   2.32560462101208   1.87762357514663 -0.166559450404285 -0.814966871750957 0.00395656216309415 -0.0578493417073293 0.576599338560441
0   2.27972313188895   1.87080520089543 -0.181315806346639 -0.812872202158038 -0.0615188992560301 -0.0060557618020952 0.579152428762985
0   2.15066260030243   1.84098341803114 -0.172381105634987 -0.803022987151029 -0.0581222546780793 -0.00295511339990895 0.593099614671068
0   2.02757040929787   1.75130253822847 -0.116806696525857 -0.80437174607498 -0.0772504945872951 0.00272798335966579 0.589076407021276
0   1.92557342301622   1.65826446178754 -0.115860776819805 -0.802176127906018 -0.111914865268742 0.0313380382469088 0.585667525229479
0   1.79552641805224   1.52526132219292 -0.121455464506772 -0.806035653996348 -0.126660568585147 0.0431712988437271 0.576541294105212
0    1.60417876261894    1.35417963913382 -0.0831973387218847 -0.812472024184542 -0.124423436198569 0.0403073295655169 0.568140244680229
0  1.39228087785964  1.19747556105361 -0.07891291286485 -0.804884616002788 -0.120745165714433 0.0436727949475592 0.579373840331186
0    1.17612360864522    1.02389469884228 -0.0681109318477083 -0.802839820073431 -0.12309258815064 0.0471815956412664 0.581438161010766
0   0.938924377436315   0.788368518753678 -0.0359856996517977 -0.802145939008945 -0.124466182320688 0.0528809262770864 0.581612989560969
0   0.713353361634046   0.513340229932288 -0.0485332048286622 -0.813645225769221 -0.142916956681216 0.0502089924259761 0.561280007799585
0  0.500948676295321  0.328114991364461 0.0238468117459126 -0.811543459856494 -0.156418938115131 0.0700198908386178 0.558594256549451
0  0.307908817272856  0.204159654070785 0.0633781722640618 -0.804934211227597 -0.152491060086631 0.082645865579417 0.567447841736745
0  0.231772305742923  0.149850646138763 0.0560119133833246 -0.823815195657759 -0.144926801784996 0.0922546777438484 0.54019794516651
0   0.011593145257799  0.0674283508446829 0.00551617738540114 -0.802946229349068 -0.141852167169065 0.0933420564895462 0.571351534463552
0 -0.0657803814005427 -0.0155291794971747  -0.134567484287632 -0.804595250108869 -0.155967163178375 0.0813071459844605 0.567177111248504
0 -0.0629753493945143 -0.0602419669425618  -0.177713054180177 -0.799397698821015 -0.153476854446667 0.0827182610460199 0.574948574707638
0 -0.0696769628773087   -0.13634550960471  -0.269029683828906 -0.811687795715161 -0.163333411335206 0.0735861394147617 0.55594082339283
0 -0.0952484403535514  -0.154737954349371  -0.294781512493585 -0.821497098660408 -0.164451852790102 0.0729613777801829 0.541086631103424
0    -0.126006544104 -0.149523785942483 -0.298740945116153 -0.805692581575937 -0.161249403841237 0.07667921426128 0.564781720538669
0 -0.150658563659014 -0.145495375232211 -0.295474192026163 -0.802221163530429 -0.152559860924653 0.0868398071872673 0.570636085001827
0 -0.175614057114676 -0.142902240002886  -0.28661706002107 -0.803992740500048 -0.144010058911126 0.0969973353971866 0.568725147220942
0 -0.190249387461678 -0.141410791658265 -0.270197972034606 -0.801696759344935 -0.170170436591552 0.0559784194603597 0.570254982547975
0 -0.214973288886563  -0.14776615591175 -0.268512731067676 -0.818352401037826 -0.164366400637463 0.0616299929352978 0.547252024233722
0 -0.243547888381177 -0.145161220921151 -0.281671783139563 -0.817765599365914 -0.141892085719151 0.0930466889595284 0.549971248500906
0 -0.265624637820518 -0.134610945431901 -0.312050042610346 -0.809504826701411 -0.130340570332469 0.109930143278819 0.561808361339723
